{
  "generation": 1,
  "candidate": "bus_station:10035779100,10206675598,7429013811,9805550181|hospital:11385007623,12738317797,13057568253,2248079790,3034669681|park:10062966619,10063075630,10089395869,11056527356,11817686538,12145681003,292565347,7298266857,7331215155,7462094577,7467062464|pharmacy:10206957230,11393920806,11412109111,2250670130,4029960010,4950155206,7463750615|school:10839067724,11397546615,11817686538,11946864945,2146206233,2250670130,7331215158,7377821398,7413982733,7465515110,7484505048,9805550181|supermarket:10063134549,10206790747,10208740948,2247838145,3034693652",
  "template": null,
  "metrics": {
    "fitness": 0.0,
    "distance_gain": 0.0,
    "travel_penalty": 22.394416337719292,
    "diversity_penalty": 101141.0060033045,
    "proximity_penalty": 0.0,
    "placements": {
      "school": 12,
      "hospital": 5,
      "pharmacy": 7,
      "supermarket": 5,
      "bus_station": 4,
      "park": 11
    },
    "best_distances": {
      "school": 2279.9240000000004,
      "hospital": 4142.71,
      "pharmacy": 2240.9979999999996,
      "supermarket": 3263.754999999999,
      "bus_station": 4264.476999999998,
      "park": 1706.001
    },
    "amenity_scores": {
      "school": 0.0,
      "hospital": 0.0,
      "pharmacy": 0.0,
      "supermarket": 0.0,
      "bus_station": 0.0,
      "park": 0.0
    }
  }
}