{
  "profiles": [
    [
      0.1868364331605694,
      0.1512172714935506,
      0.01633352559141945,
      0.050778111163021535,
      0.1593271395728776,
      0.33021673684768954,
      0.10529078217087165
    ],
    [
      0.7127597868708713,
      0.06899973100426258,
      0.052635173818314354,
      0.002512786040046493,
      0.09382880272058156,
      0.055848458798198795,
      0.013415260747725092
    ],
    [
      0.07687393426156336,
      0.4989077294409213,
      0.008426853243224062,
      0.12224281196771371,
      0.051704478898186045,
      0.00035226626844481255,
      0.24149192591994664
    ],
    [
      0.27732428375078333,
      0.22501007391012837,
      0.03199046145895018,
      0.11567868486093959,
      0.18224033455146585,
      0.08687271320713334,
      0.08088344826059933
    ],
    [
      0.05105584721250331,
      0.04510408572518133,
      0.18449719761168892,
      0.26839152062084154,
      0.1810518727667314,
      0.14517641763666514,
      0.12472305842638809
    ],
    [
      0.03241480330808431,
      0.02942115374082004,
      0.3799722310048809,
      0.05252965902159567,
      0.23415468329348113,
      0.10490778308182437,
      0.1665996865493136
    ],
    [
      0.0037416850419702656,
      0.09009593157061466,
      0.010064479199267515,
      0.024107091239435975,
      0.6673315592890379,
      0.19845906259539303,
      0.006200191064280649
    ],
    [
      0.15131532751334367,
      0.2658284858560729,
      0.2549614547511274,
      0.17692643891781568,
      0.12008652412442329,
      0.010274021252060152,
      0.020607747585156922
    ],
    [
      0.15644729537105323,
      0.09767597367433233,
      0.0903439822082666,
      0.0903452050632502,
      0.30389836129266695,
      0.1873636203561074,
      0.07392556203432318
    ],
    [
      0.09514435337739371,
      0.22574144691401343,
      0.01085578376103391,
      0.2835712891158712,
      0.05550378394677697,
      0.12101295723550266,
      0.20817038564940837
    ],
    [
      0.4967380326071047,
      0.20242943558255536,
      0.0020057697478094508,
      0.023227306125946135,
      0.23643963377388874,
      0.0011015786554294698,
      0.038058243507266096
    ],
    [
      0.26079344584836395,
      0.02762370223238009,
      0.5671468190413755,
      0.07129015903691836,
      0.013475528726250772,
      0.03113594568377059,
      0.028534399430940726
    ],
    [
      0.20236132931781833,
      0.15464720761613257,
      0.27897886114423953,
      0.15804449905293702,
      0.12386894520175248,
      0.014503265332227221,
      0.06759589233489287
    ],
    [
      0.10120247682828908,
      0.17351351147024086,
      0.09615750557154519,
      0.12604464370944513,
      0.1577591371892813,
      0.06123043540183792,
      0.2840922898293605
    ],
    [
      0.21359247826133138,
      0.053783823126062294,
      0.08718361328460744,
      0.07529527769331343,
      0.09656940100644547,
      0.19814169907289275,
      0.27543370755534724
    ],
    [
      0.07689759158118249,
      0.23191175252008936,
      0.14308427402428817,
      0.08211955229864572,
      0.0631828802808766,
      0.17455912769941329,
      0.22824482159550458
    ],
    [
      0.0407005439926144,
      0.014365607930184298,
      0.33443997774967626,
      0.3390926608778743,
      0.14739109594094832,
      0.060864266161579354,
      0.06314584734712309
    ],
    [
      0.04100035537125789,
      3.130454823464362e-05,
      0.005836447137078331,
      0.0034590281142765807,
      0.017015945230274093,
      0.9194224635843052,
      0.013234456014573301
    ],
    [
      0.17076427794587914,
      0.21030422790259118,
      0.16583967668214905,
      0.053108059492502455,
      0.31338496372687086,
      0.08058017596063158,
      0.006018618289375531
    ],
    [
      0.15324631546208728,
      0.2267433934784578,
      0.2032712782973029,
      0.048909120045859344,
      0.23985940349417376,
      0.052158923661568,
      0.07581156556055091
    ]
  ],
  "amenity_types": [
    "bank",
    "bus_station",
    "hospital",
    "park",
    "pharmacy",
    "school",
    "supermarket"
  ],
  "n_profiles": 20,
  "metadata": {
    "generation_method": "diverse",
    "seed": 42
  }
}